<?xml version="1.0" encoding="UTF-8" standalone="no" ?>
<SimscapeMultibodyImportXML version="2.0" xmlns="urn:mathworks:SimscapeMultibody:import" xmlns:xsi="http://www.w3.org/2001/XMLSchema-instance">
<Created by="" on="06/05/22||01:40:04" using="Simscape Multibody Link Version 7.0" from="SolidWorks 29.0.0"/>
<ModelUnits mass="kilogram" length="millimeter"/>
<DataUnits mass="kilogram" length="meter"/>
<RootAssembly name="Assembly_S" uid="Assembly_S" version="589">
<AssemblyFile name="Assembly_S.SLDASM" type="SolidWorks Assembly"/>
<InstanceTree>
<Instance name="T1-4" uid="T1-4" entityUid="T1*:*Default">
<Transform>
<Rotation>-1 -4.4408920985006271e-16 0 0 1.9081958235744883e-16 -1 4.4408920985006271e-16 -1 -1.9081958235744883e-16</Rotation>
<Translation>-0.14628827152561055 -0.016350000000000059 -0.081724105011933126</Translation>
</Transform>
</Instance>
<Instance name="SW2020 DS3225MG Servo 25Kg 4.8-6.8V-8" uid="SW2020 DS3225MG Servo 25Kg 4.8-6.8V-8" entityUid="SW2020 DS3225MG Servo 25Kg 4.8-6.8V*:*Default">
<Transform>
<Rotation>4.5975048182391143e-16 -1 -1.6653345369377365e-16 0 -1.6653345369377363e-16 1 -1 -4.5975048182391143e-16 0</Rotation>
<Translation>-0.1146432715256105 0.055299999999999988 -0.11752410501193314</Translation>
</Transform>
</Instance>
<Instance name="box hold_frame_-4" uid="box hold_frame_-4" entityUid="box hold_frame_*:*Default">
<Transform>
<Rotation>-1 0 -2.7755575615628918e-16 0 1 0 2.7755575615628918e-16 0 -1</Rotation>
<Translation>-0.13484327152561054 0.022499999999999985 -0.12752410501193318</Translation>
</Transform>
</Instance>
<Instance name="SW2020 Aluminium 25T Servo Horn-7" uid="SW2020 Aluminium 25T Servo Horn-7" entityUid="SW2020 Aluminium 25T Servo Horn*:*Default">
<Transform>
<Rotation>0 -1 -1.4988010832439613e-15 -1 0 4.6143644460983069e-16 -4.6143644460983069e-16 1.4988010832439613e-15 -1</Rotation>
<Translation>-0.18628827152561059 0.088399999999999881 -0.095224105011933138</Translation>
</Transform>
</Instance>
<Instance name="Mirrortop_mot_hold_2-4" uid="Mirrortop_mot_hold_2-4" entityUid="Mirrortop_mot_hold_2*:*Default">
<Transform>
<Rotation>-1 0 -2.7755575615628918e-16 0 1 0 2.7755575615628918e-16 0 -1</Rotation>
<Translation>-0.18628827152561056 0.092868600682593838 -0.12502410501193315</Translation>
</Transform>
</Instance>
<Instance name="T1-1-4" uid="T1-1-4" entityUid="T1-1*:*Default">
<Transform>
<Rotation>1 3.3306690738754706e-16 1.405126015541213e-16 1.4051260155412137e-16 -2.4633073358870661e-16 -1 -3.3306690738754701e-16 1 -2.4633073358870666e-16</Rotation>
<Translation>-0.19628827152561046 0.056899999999999937 -0.089224105011933105</Translation>
</Transform>
</Instance>
<Instance name="motor arm-5" uid="motor arm-5" entityUid="motor arm*:*Default">
<Transform>
<Rotation>1 0 0 0 1 0 0 0 1</Rotation>
<Translation>-0.11683827152561049 0.058300000000000012 0.13327589498806688</Translation>
</Transform>
</Instance>
<Instance name="T1-1-5" uid="T1-1-5" entityUid="T1-1*:*Default">
<Transform>
<Rotation>1 2.7755575615628918e-16 1.4224732503009816e-16 1.4224732503009816e-16 0 -1 -2.7755575615628918e-16 1 0</Rotation>
<Translation>-0.19628827152561046 0.056899999999999937 0.16157589498806674</Translation>
</Transform>
</Instance>
<Instance name="T4-5" uid="T4-5" entityUid="T4*:*Default">
<Transform>
<Rotation>-1 1.9428902930940232e-16 6.6266436782314031e-16 -6.6266436782314031e-16 0 -1 -1.9428902930940235e-16 -1 0</Rotation>
<Translation>-0.14628827152561025 -0.011885533905932777 0.16657589498806674</Translation>
</Transform>
</Instance>
<Instance name="SW2020 DS3225MG Servo 25Kg 4.8-6.8V-9" uid="SW2020 DS3225MG Servo 25Kg 4.8-6.8V-9" entityUid="SW2020 DS3225MG Servo 25Kg 4.8-6.8V*:*Default">
<Transform>
<Rotation>5.765457919110359e-16 1 0 -2.7755575615628889e-16 0 1 1 -5.765457919110359e-16 2.7755575615628894e-16</Rotation>
<Translation>-0.11464327152561048 0.055300000000000002 0.13327589498806677</Translation>
</Transform>
</Instance>
<Instance name="SW2020 DS3225MG Servo 25Kg 4.8-6.8V-10" uid="SW2020 DS3225MG Servo 25Kg 4.8-6.8V-10" entityUid="SW2020 DS3225MG Servo 25Kg 4.8-6.8V*:*Default">
<Transform>
<Rotation>-1.0033942634249288e-16 -1 1.9428902930940244e-16 1 -1.0033942634249289e-16 0 0 1.9428902930940244e-16 1</Rotation>
<Translation>-0.18628827152561053 0.088399999999999937 0.15857589498806679</Translation>
</Transform>
</Instance>
<Instance name="Mirrortop_mot_hold_2-5" uid="Mirrortop_mot_hold_2-5" entityUid="Mirrortop_mot_hold_2*:*Default">
<Transform>
<Rotation>-1 0 -2.7755575615628918e-16 0 1 0 2.7755575615628918e-16 0 -1</Rotation>
<Translation>-0.18628827152561053 0.092868600682593824 0.12577589498806682</Translation>
</Transform>
</Instance>
<Instance name="SW2020 DS3225MG Servo 25Kg 4.8-6.8V-7" uid="SW2020 DS3225MG Servo 25Kg 4.8-6.8V-7" entityUid="SW2020 DS3225MG Servo 25Kg 4.8-6.8V*:*Default">
<Transform>
<Rotation>0 -1 2.7755575615628918e-16 1 0 -1.5846517484090147e-16 1.5846517484090149e-16 2.7755575615628918e-16 1</Rotation>
<Translation>-0.18628827152561067 0.088399999999999937 -0.092224105011933122</Translation>
</Transform>
</Instance>
<Instance name="motor arm-4" uid="motor arm-4" entityUid="motor arm*:*Default">
<Transform>
<Rotation>1 0 0 0 1 0 0 0 1</Rotation>
<Translation>-0.11683827152561058 0.058299999999999991 -0.11752410501193324</Translation>
</Transform>
</Instance>
<Instance name="SW2020 Aluminium 25T Servo Horn-9" uid="SW2020 Aluminium 25T Servo Horn-9" entityUid="SW2020 Aluminium 25T Servo Horn*:*Default">
<Transform>
<Rotation>-1 -2.2204460492503127e-15 0 0 0 -1 2.2204460492503127e-15 -1 0</Rotation>
<Translation>-0.11464327152561044 0.052299999999999992 0.1332758949880668</Translation>
</Transform>
</Instance>
<Instance name="SW2020 Aluminium 25T Servo Horn-10" uid="SW2020 Aluminium 25T Servo Horn-10" entityUid="SW2020 Aluminium 25T Servo Horn*:*Default">
<Transform>
<Rotation>1.4137996329210975e-16 -1 -3.3306690738754696e-16 -1 -1.4137996329210978e-16 0 0 3.3306690738754696e-16 -1</Rotation>
<Translation>-0.1862882715256105 0.088399999999999951 0.15557589498806676</Translation>
</Transform>
</Instance>
<Instance name="T4-4" uid="T4-4" entityUid="T4*:*Default">
<Transform>
<Rotation>-1 -1.5543122344752194e-15 -1.4935969128160307e-15 1.4935969128160309e-15 -1.2490009027033004e-16 -1 1.5543122344752192e-15 -1 1.2490009027033235e-16</Rotation>
<Translation>-0.14628827152561052 -0.011885533905932865 -0.08422410501193317</Translation>
</Transform>
</Instance>
<Instance name="SW2020 Aluminium 25T Servo Horn-8" uid="SW2020 Aluminium 25T Servo Horn-8" entityUid="SW2020 Aluminium 25T Servo Horn*:*Default">
<Transform>
<Rotation>-1 0 1.1851099569693077e-16 -1.1851099569693077e-16 0 -1 0 -1 0</Rotation>
<Translation>-0.11464327152561052 0.052299999999999999 -0.11752410501193318</Translation>
</Transform>
</Instance>
<Instance name="box hold_frame_-5" uid="box hold_frame_-5" entityUid="box hold_frame_*:*Default">
<Transform>
<Rotation>-1 0 -2.7755575615628918e-16 0 1 0 2.7755575615628918e-16 0 -1</Rotation>
<Translation>-0.13484327152561043 0.022499999999999992 0.14327589498806675</Translation>
</Transform>
</Instance>
<Instance name="T1-5" uid="T1-5" entityUid="T1*:*Default">
<Transform>
<Rotation>-1 -1.6653345369377353e-16 0 0 0 -1 1.6653345369377353e-16 -1 0</Rotation>
<Translation>-0.14628827152561041 -0.016350000000000038 0.16907589498806666</Translation>
</Transform>
</Instance>
<Instance name="SW2020 DS3225MG Servo 25Kg 4.8-6.8V-2" uid="SW2020 DS3225MG Servo 25Kg 4.8-6.8V-2" entityUid="SW2020 DS3225MG Servo 25Kg 4.8-6.8V*:*Default">
<Transform>
<Rotation>1.0033942634249291e-16 -1 0 1 1.0033942634249291e-16 0 0 0 1</Rotation>
<Translation>0.21740172847438963 0.088399999999999937 0.15857589498806673</Translation>
</Transform>
</Instance>
<Instance name="SW2020 Aluminium 25T Servo Horn-1" uid="SW2020 Aluminium 25T Servo Horn-1" entityUid="SW2020 Aluminium 25T Servo Horn*:*Default">
<Transform>
<Rotation>1.0000000000000002 1.9428902930940239e-15 0 0 0 1 1.9428902930940239e-15 -1.0000000000000002 0</Rotation>
<Translation>0.14575672847438953 0.058299999999999998 0.13327589498806677</Translation>
</Transform>
</Instance>
<Instance name="T4-1" uid="T4-1" entityUid="T4*:*Default">
<Transform>
<Rotation>-1 -4.9960036108132044e-16 -6.843484112728504e-16 6.6266436782314031e-16 0 -1 4.7184478546569153e-16 -1 0</Rotation>
<Translation>0.25740172847438947 -0.011885533905932832 0.16657589498806669</Translation>
</Transform>
</Instance>
<Instance name="9v_holder_bottom_11_19_20-1" uid="9v_holder_bottom_11_19_20-1" entityUid="9v_holder_bottom_11_19_20*:*Default">
<Transform>
<Rotation>1 0 0 0 1 0 0 0 1</Rotation>
<Translation>-0.042699371525610569 0.010604499999999999 -0.11762680501193319</Translation>
</Transform>
</Instance>
<Instance name="bottom-1" uid="bottom-1" entityUid="bottom*:*Default">
<Transform>
<Rotation>1 0 0 0 1 0 0 0 1</Rotation>
<Translation>0 0 0</Translation>
</Transform>
</Instance>
<Instance name="box hold_frame_-1" uid="box hold_frame_-1" entityUid="box hold_frame_*:*Default">
<Transform>
<Rotation>1 0 0 0 1 0 0 0 1</Rotation>
<Translation>0.16595672847438953 0.022499999999999992 0.14327589498806673</Translation>
</Transform>
</Instance>
<Instance name="Esp8266 Node MCU-1" uid="Esp8266 Node MCU-1" entityUid="Esp8266 Node MCU*:*Default">
<Transform>
<Rotation>-1.0000000000000002 0 0 0 -1 0 0 0 1.0000000000000002</Rotation>
<Translation>-0.063468271525610492 0.0049500000000000004 0.12577589498806674</Translation>
</Transform>
</Instance>
<Instance name="frame-1" uid="frame-1" entityUid="frame*:*Default">
<Transform>
<Rotation>1 0 0 0 1 0 0 0 1</Rotation>
<Translation>0.021173612484513923 0.01999999999999999 -0.07998175880306331</Translation>
</Transform>
</Instance>
<Instance name="T1-1" uid="T1-1" entityUid="T1*:*Default">
<Transform>
<Rotation>1 1.3877787807814457e-16 0 0 0 -0.99999999999999989 -1.1102230246251565e-16 1 0</Rotation>
<Translation>0.17740172847438951 -0.016350000000000042 0.1665758949880666</Translation>
</Transform>
</Instance>
<Instance name="SW2020 DS3225MG Servo 25Kg 4.8-6.8V-1" uid="SW2020 DS3225MG Servo 25Kg 4.8-6.8V-1" entityUid="SW2020 DS3225MG Servo 25Kg 4.8-6.8V*:*Default">
<Transform>
<Rotation>-2.9899003575474671e-16 0.99999999999999978 0 -2.7755575615628889e-16 0 0.99999999999999978 1 2.9899003575474646e-16 2.7755575615628879e-16</Rotation>
<Translation>0.14575672847438953 0.055300000000000002 0.13327589498806675</Translation>
</Transform>
</Instance>
<Instance name="T1-1-1" uid="T1-1-1" entityUid="T1-1*:*Default">
<Transform>
<Rotation>1 0 -1.4224732503009816e-16 -1.4224732503009816e-16 0 -1 0 1 0</Rotation>
<Translation>0.20740172847438954 0.056899999999999937 0.16157589498806668</Translation>
</Transform>
</Instance>
<Instance name="top cover-1" uid="top cover-1" entityUid="top cover*:*Default">
<Transform>
<Rotation>1 0 -1.1169202727148911e-16 0 -1 0 -1.1169202727148911e-16 0 -1</Rotation>
<Translation>-0.003265716204219604 0.10000000000000001 0.022552998706266592</Translation>
</Transform>
</Instance>
<Instance name="Top_9v_holder_11_19_20-1" uid="Top_9v_holder_11_19_20-1" entityUid="Top_9v_holder_11_19_20*:*Default">
<Transform>
<Rotation>1 0 0 0 1 0 0 0 1</Rotation>
<Translation>-0.043449369527610332 0.017208988600000003 -0.11762691301193319</Translation>
</Transform>
</Instance>
<Instance name="motor arm-1" uid="motor arm-1" entityUid="motor arm*:*Default">
<Transform>
<Rotation>-1 1.5346022077820807e-16 0 1.5346022077820802e-16 1 0 0 0 -1</Rotation>
<Translation>0.14795172847438959 0.058300000000000012 0.13327589498806683</Translation>
</Transform>
</Instance>
<Instance name="top_mot_hold_2-1" uid="top_mot_hold_2-1" entityUid="top_mot_hold_2*:*Default">
<Transform>
<Rotation>1 0 0 0 1 0 0 0 1</Rotation>
<Translation>0.21740172847438963 0.092868600682593824 0.12577589498806677</Translation>
</Transform>
</Instance>
<Instance name="Arduino Mega 2560.STEP-1" uid="Arduino Mega 2560.STEP-1" entityUid="Arduino Mega 2560.STEP*:*Default">
<Transform>
<Rotation>1.1102230246251565e-16 1 -5.6108657585717097e-16 -1.0066962920779841e-15 -5.9093536432554546e-16 -1 -1.0000000000000004 1.6653345369377348e-16 1.007258057492018e-15</Rotation>
<Translation>0.066538116105106404 0.003189249580776491 0.072798685031228827</Translation>
</Transform>
</Instance>
<Instance name="SW2020 Aluminium 25T Servo Horn-2" uid="SW2020 Aluminium 25T Servo Horn-2" entityUid="SW2020 Aluminium 25T Servo Horn*:*Default">
<Transform>
<Rotation>-1.4137996329210978e-16 1 0 -1 -1.4137996329210983e-16 0 0 0 1</Rotation>
<Translation>0.2174017284743896 0.088399999999999951 0.16157589498806671</Translation>
</Transform>
</Instance>
<Instance name="T4-2" uid="T4-2" entityUid="T4*:*Default">
<Transform>
<Rotation>-1 1.2212453270876722e-15 1.5074747006238454e-15 -1.4935969128160309e-15 -1.2490009027033011e-16 -0.99999999999999989 -1.27675647831893e-15 -1 1.3530843112619095e-16</Rotation>
<Translation>0.25740172847438963 -0.011885533905932744 -0.084224105011933115</Translation>
</Transform>
</Instance>
<Instance name="box hold_frame_-2" uid="box hold_frame_-2" entityUid="box hold_frame_*:*Default">
<Transform>
<Rotation>1 0 0 0 1 0 0 0 1</Rotation>
<Translation>0.16595672847438953 0.022499999999999985 -0.1275241050119332</Translation>
</Transform>
</Instance>
<Instance name="SW2020 DS3225MG Servo 25Kg 4.8-6.8V-4" uid="SW2020 DS3225MG Servo 25Kg 4.8-6.8V-4" entityUid="SW2020 DS3225MG Servo 25Kg 4.8-6.8V*:*Default">
<Transform>
<Rotation>0 -0.99999999999999989 0 1 0 -1.5846517484090159e-16 1.5846517484090147e-16 0 0.99999999999999989</Rotation>
<Translation>0.21740172847438965 0.088399999999999937 -0.092224105011933177</Translation>
</Transform>
</Instance>
<Instance name="oval head_am-12" uid="oval head_am-12" entityUid="oval head_am*:*B18.6.7M - M2 x 0.4 x 10 Type I Cross Recessed OHMS --10S">
<Transform>
<Rotation>-2.7755575615628879e-16 -0.38990332898491525 0.92085579438177023 0 0.92085579438177023 0.38990332898491525 -1 0 -2.7946351951144608e-16</Rotation>
<Translation>-0.18128827152561047 0.073599999999999999 0.1412859061239381</Translation>
</Transform>
</Instance>
<Instance name="SW2020 Aluminium 25T Servo Horn-3" uid="SW2020 Aluminium 25T Servo Horn-3" entityUid="SW2020 Aluminium 25T Servo Horn*:*Default">
<Transform>
<Rotation>1 -2.7755575615628914e-16 1.1851099569693026e-16 -1.1851099569693077e-16 0 1 -2.7755575615628914e-16 -1 0</Rotation>
<Translation>0.1457567284743895 0.058299999999999998 -0.11752410501193322</Translation>
</Transform>
</Instance>
<Instance name="oval head_am-15" uid="oval head_am-15" entityUid="oval head_am*:*B18.6.7M - M2 x 0.4 x 10 Type I Cross Recessed OHMS --10S">
<Transform>
<Rotation>-2.7755575615629052e-16 0.49058971270704699 -0.87139068952222387 0 -0.87139068952222387 -0.49058971270704699 -1 0 2.718994578090752e-16</Rotation>
<Translation>-0.19128827152561056 0.12319999999999998 -0.10951409387606201</Translation>
</Transform>
</Instance>
<Instance name="oval head_am-22" uid="oval head_am-22" entityUid="oval head_am*:*B18.6.7M - M2 x 0.4 x 10 Type I Cross Recessed OHMS --10S">
<Transform>
<Rotation>0 0.892381287263177 -0.4512822156284414 0 -0.4512822156284414 -0.892381287263177 -1 0 0</Rotation>
<Translation>0.22240172847438958 0.1232 0.14128590612393802</Translation>
</Transform>
</Instance>
<Instance name="SW2020 DS3225MG Servo 25Kg 4.8-6.8V-3" uid="SW2020 DS3225MG Servo 25Kg 4.8-6.8V-3" entityUid="SW2020 DS3225MG Servo 25Kg 4.8-6.8V*:*Default">
<Transform>
<Rotation>-7.3730623798020057e-16 -0.99999999999999989 1.6653345369377348e-16 0 1.6653345369377358e-16 0.99999999999999989 -1 7.3730623798020086e-16 0</Rotation>
<Translation>0.14575672847438953 0.055299999999999988 -0.11752410501193315</Translation>
</Transform>
</Instance>
<Instance name="top_mot_hold_2-2" uid="top_mot_hold_2-2" entityUid="top_mot_hold_2*:*Default">
<Transform>
<Rotation>1 0 0 0 1 0 0 0 1</Rotation>
<Translation>0.21740172847438957 0.092868600682593838 -0.1250241050119332</Translation>
</Transform>
</Instance>
<Instance name="oval head_am-1" uid="oval head_am-1" entityUid="oval head_am*:*B18.6.7M - M2 x 0.4 x 10 Type I Cross Recessed OHMS --10S">
<Transform>
<Rotation>0 0.83825790086642615 0.54527396016590857 -1 0 0 0 -0.54527396016590857 0.83825790086642615</Rotation>
<Translation>-0.10979327152561057 0.038010011135871241 -0.1523241050119333</Translation>
</Transform>
</Instance>
<Instance name="oval head_am-13" uid="oval head_am-13" entityUid="oval head_am*:*B18.6.7M - M2 x 0.4 x 10 Type I Cross Recessed OHMS --10S">
<Transform>
<Rotation>-2.7755575615628928e-16 -0.13005389104557818 -0.99150692656375572 0 -0.99150692656375572 0.13005389104557818 -1 0 2.6723495066649359e-16</Rotation>
<Translation>-0.19128827152561056 0.073599999999999985 -0.1095140938760619</Translation>
</Transform>
</Instance>
<Instance name="motor arm-2" uid="motor arm-2" entityUid="motor arm*:*Default">
<Transform>
<Rotation>-1.0000000000000002 1.2189330074067816e-16 1.1102230246251565e-16 1.2189330074067885e-16 0.99999999999999989 0 0 0 -1</Rotation>
<Translation>0.14795172847438956 0.058299999999999991 -0.11752410501193326</Translation>
</Transform>
</Instance>
<Instance name="oval head_am-16" uid="oval head_am-16" entityUid="oval head_am*:*B18.6.7M - M2 x 0.4 x 10 Type I Cross Recessed OHMS --10S">
<Transform>
<Rotation>-2.7755575615628933e-16 -0.028855292386581837 -0.99958359935589425 0 -0.99958359935589425 0.028855292386581837 -1 0 2.7567330468748279e-16</Rotation>
<Translation>-0.18128827152561053 0.12319999999999998 -0.1095140938760619</Translation>
</Transform>
</Instance>
<Instance name="T1-1-2" uid="T1-1-2" entityUid="T1-1*:*Default">
<Transform>
<Rotation>1 -1.1102230246251565e-16 0 -1.4051260155412137e-16 -2.4633073358870661e-16 -1 0 1 -2.5673907444456745e-16</Rotation>
<Translation>0.20740172847438948 0.056899999999999937 -0.089224105011933161</Translation>
</Transform>
</Instance>
<Instance name="oval head_am-10" uid="oval head_am-10" entityUid="oval head_am*:*B18.6.7M - M2 x 0.4 x 10 Type I Cross Recessed OHMS --10S">
<Transform>
<Rotation>-2.7755575615628943e-16 -0.71788601488097381 0.69616066366774465 0 0.69616066366774465 0.71788601488097381 -1 1.5662584927166405e-16 -2.3718123992439657e-16</Rotation>
<Translation>-0.18128827152561044 0.12319999999999993 0.1412859061239381</Translation>
</Transform>
</Instance>
<Instance name="oval head_am-19" uid="oval head_am-19" entityUid="oval head_am*:*B18.6.7M - M2 x 0.4 x 10 Type I Cross Recessed OHMS --10S">
<Transform>
<Rotation>0 -0.92147108660180377 -0.38844695462429735 -1 0 0 0 0.38844695462429735 -0.92147108660180377</Rotation>
<Translation>0.15090672847438955 0.038010011135871248 0.11847589498806674</Translation>
</Transform>
</Instance>
<Instance name="oval head_am-11" uid="oval head_am-11" entityUid="oval head_am*:*B18.6.7M - M2 x 0.4 x 10 Type I Cross Recessed OHMS --10S">
<Transform>
<Rotation>-2.7755575615628933e-16 0.79481108873391926 0.60685692978296113 0 0.60685692978296113 -0.79481108873391926 -1 -2.5776366256490122e-16 -1.1976849123735355e-16</Rotation>
<Translation>-0.19128827152561056 0.073599999999999971 0.1412859061239381</Translation>
</Transform>
</Instance>
<Instance name="oval head_am-14" uid="oval head_am-14" entityUid="oval head_am*:*B18.6.7M - M2 x 0.4 x 10 Type I Cross Recessed OHMS --10S">
<Transform>
<Rotation>-2.7755575615628948e-16 -0.98043943413080981 0.19682102530283016 0 0.19682102530283016 0.98043943413080981 -1 2.6007479657226977e-16 -1.146634092499227e-16</Rotation>
<Translation>-0.18128827152561058 0.073599999999999999 -0.10951409387606191</Translation>
</Transform>
</Instance>
<Instance name="oval head_am-17" uid="oval head_am-17" entityUid="oval head_am*:*B18.6.7M - M2 x 0.4 x 10 Type I Cross Recessed OHMS --10S">
<Transform>
<Rotation>0 -0.99999390416353728 -0.0034916522974170632 -1 0 0 0 0.0034916522974170632 -0.99999390416353728</Rotation>
<Translation>0.14090672847438954 0.038010011135871248 0.16807589498806672</Translation>
</Transform>
</Instance>
<Instance name="oval head_am-18" uid="oval head_am-18" entityUid="oval head_am*:*B18.6.7M - M2 x 0.4 x 10 Type I Cross Recessed OHMS --10S">
<Transform>
<Rotation>0 -0.83570904369458099 -0.54917246315441692 -1 0 0 0 0.54917246315441692 -0.83570904369458099</Rotation>
<Translation>0.15090672847438943 0.038010011135871248 0.16807589498806663</Translation>
</Transform>
</Instance>
<Instance name="T1-2" uid="T1-2" entityUid="T1*:*Default">
<Transform>
<Rotation>1 -1.6653345369377353e-16 0 0 -1.9081958235744883e-16 -1 1.6653345369377353e-16 1 -1.9081958235744883e-16</Rotation>
<Translation>0.17740172847438962 -0.016350000000000055 -0.08422410501193317</Translation>
</Transform>
</Instance>
<Instance name="oval head_am-21" uid="oval head_am-21" entityUid="oval head_am*:*B18.6.7M - M2 x 0.4 x 10 Type I Cross Recessed OHMS --10S">
<Transform>
<Rotation>0 0.6753360549927675 -0.7375101442195936 0 -0.7375101442195936 -0.6753360549927675 -1 0 0</Rotation>
<Translation>0.21240172847438954 0.1232 0.14128590612393802</Translation>
</Transform>
</Instance>
<Instance name="SW2020 Aluminium 25T Servo Horn-4" uid="SW2020 Aluminium 25T Servo Horn-4" entityUid="SW2020 Aluminium 25T Servo Horn*:*Default">
<Transform>
<Rotation>0 1 -9.4368957093138306e-16 -1 0 -4.649058915617843e-16 -4.6143644460983069e-16 1.2212453270876722e-15 1</Rotation>
<Translation>0.21740172847438963 0.088399999999999881 -0.089224105011933189</Translation>
</Transform>
</Instance>
<Instance name="oval head_am-20" uid="oval head_am-20" entityUid="oval head_am*:*B18.6.7M - M2 x 0.4 x 10 Type I Cross Recessed OHMS --10S">
<Transform>
<Rotation>0 -0.83031420673731682 -0.55729553926994657 -1 0 0 0 0.55729553926994657 -0.83031420673731682</Rotation>
<Translation>0.14090672847438948 0.038010011135871248 0.11847589498806667</Translation>
</Transform>
</Instance>
<Instance name="oval head_am-2" uid="oval head_am-2" entityUid="oval head_am*:*B18.6.7M - M2 x 0.4 x 10 Type I Cross Recessed OHMS --10S">
<Transform>
<Rotation>0 -0.99999390416353728 -0.0034916522974170632 -1 0 0 0 0.0034916522974170632 -0.99999390416353728</Rotation>
<Translation>-0.11979327152561048 0.03801001113587122 -0.10272410501193323</Translation>
</Transform>
</Instance>
<Instance name="oval head_am-3" uid="oval head_am-3" entityUid="oval head_am*:*B18.6.7M - M2 x 0.4 x 10 Type I Cross Recessed OHMS --10S">
<Transform>
<Rotation>0 0.59207718836500123 -0.80588125863417059 -1 0 0 0 0.80588125863417059 0.59207718836500123</Rotation>
<Translation>-0.10979327152561046 0.038010011135871241 0.11847589498806674</Translation>
</Transform>
</Instance>
<Instance name="hex nut style 1_am-2" uid="hex nut style 1_am-2" entityUid="hex nut style 1_am*:*B18.2.4.1M - Hex nut, Style 1,  M2 x 0.4 --D-S">
<Transform>
<Rotation>0.99397799670859899 0.10957984330688066 0 -0.10957984330688066 0.99397799670859899 0 0 0 1</Rotation>
<Translation>0.2174017284743896 0.064399999999999957 -0.095224105011933138</Translation>
</Transform>
</Instance>
<Instance name="oval head_am-25" uid="oval head_am-25" entityUid="oval head_am*:*B18.6.7M - M2 x 0.4 x 10 Type I Cross Recessed OHMS --10S">
<Transform>
<Rotation>0 -0.97051092233928726 0.24105715011205531 -1 0 0 0 -0.24105715011205531 -0.97051092233928726</Rotation>
<Translation>0.14090672847438951 0.038010011135871248 -0.10272410501193317</Translation>
</Transform>
</Instance>
<Instance name="oval head_am-26" uid="oval head_am-26" entityUid="oval head_am*:*B18.6.7M - M2 x 0.4 x 10 Type I Cross Recessed OHMS --10S">
<Transform>
<Rotation>0 -0.94604482894047692 -0.32403577215329787 -1 0 0 0 0.32403577215329787 -0.94604482894047692</Rotation>
<Translation>0.15090672847438957 0.038010011135871262 -0.10272410501193327</Translation>
</Transform>
</Instance>
<Instance name="oval head_am-27" uid="oval head_am-27" entityUid="oval head_am*:*B18.6.7M - M2 x 0.4 x 10 Type I Cross Recessed OHMS --10S">
<Transform>
<Rotation>0 -0.9473157244336774 -0.32030129291137266 -1 0 0 0 0.32030129291137266 -0.9473157244336774</Rotation>
<Translation>0.15090672847438955 0.038010011135871241 -0.15232410501193322</Translation>
</Transform>
</Instance>
<Instance name="oval head_am-29" uid="oval head_am-29" entityUid="oval head_am*:*B18.6.7M - M2 x 0.4 x 10 Type I Cross Recessed OHMS --10S">
<Transform>
<Rotation>0 -0.94419061433138674 -0.32939958076554832 0 -0.32939958076554832 0.94419061433138674 -1 0 0</Rotation>
<Translation>0.21240172847438948 0.12319999999999992 -0.10951409387606197</Translation>
</Transform>
</Instance>
<Instance name="pan cross head_am-5" uid="pan cross head_am-5" entityUid="pan cross head_am*:*B18.6.7M - M2 x 0.4 x 20 Type I Cross Recessed PHMS --20S">
<Transform>
<Rotation>-3.330669073875476e-16 0.11952387539180576 -0.99283132666698426 -1.665334536937738e-16 -0.99283132666698426 -0.11952387539180576 -1 1.2553018222950088e-16 3.5058398329831017e-16</Rotation>
<Translation>-0.18628827152561045 0.064399999999999957 0.17567589498806677</Translation>
</Transform>
</Instance>
<Instance name="pan cross head_am-3" uid="pan cross head_am-3" entityUid="pan cross head_am*:*B18.6.7M - M2 x 0.4 x 20 Type I Cross Recessed PHMS --20S">
<Transform>
<Rotation>1.007472594533567e-16 -0.8412112207354312 -0.54070665069777457 3.5904240409858084e-16 -0.54070665069777457 0.8412112207354312 -1 -2.7888634088912808e-16 2.4755578582154696e-16</Rotation>
<Translation>-0.18628827152561056 0.064399999999999943 -0.075124105011933118</Translation>
</Transform>
</Instance>
<Instance name="oval head_am-30" uid="oval head_am-30" entityUid="oval head_am*:*B18.6.7M - M2 x 0.4 x 10 Type I Cross Recessed OHMS --10S">
<Transform>
<Rotation>0 -0.96375610215742891 -0.2667848862929077 0 -0.2667848862929077 0.96375610215742891 -1 0 0</Rotation>
<Translation>0.22240172847438952 0.12319999999999993 -0.10951409387606197</Translation>
</Transform>
</Instance>
<Instance name="oval head_am-28" uid="oval head_am-28" entityUid="oval head_am*:*B18.6.7M - M2 x 0.4 x 10 Type I Cross Recessed OHMS --10S">
<Transform>
<Rotation>0 -0.78087658404763349 0.62468532917469677 -1 0 0 0 -0.62468532917469677 -0.78087658404763349</Rotation>
<Translation>0.14090672847438954 0.038010011135871248 -0.15232410501193319</Translation>
</Transform>
</Instance>
<Instance name="oval head_am-31" uid="oval head_am-31" entityUid="oval head_am*:*B18.6.7M - M2 x 0.4 x 10 Type I Cross Recessed OHMS --10S">
<Transform>
<Rotation>0 0.12036283403629386 -0.99272996740440533 0 -0.99272996740440533 -0.12036283403629386 -1 0 0</Rotation>
<Translation>0.22240172847438958 0.073599999999999971 -0.10951409387606198</Translation>
</Transform>
</Instance>
<Instance name="oval head_am-9" uid="oval head_am-9" entityUid="oval head_am*:*B18.6.7M - M2 x 0.4 x 10 Type I Cross Recessed OHMS --10S">
<Transform>
<Rotation>-2.7755575615628933e-16 0.41205076733225338 0.91116088872432455 0 0.91116088872432455 -0.41205076733225338 -1 -1.7015957559590781e-16 -2.2766711678493406e-16</Rotation>
<Translation>-0.19128827152561059 0.1232 0.1412859061239381</Translation>
</Transform>
</Instance>
<Instance name="hex nut style 1_am-1" uid="hex nut style 1_am-1" entityUid="hex nut style 1_am*:*B18.2.4.1M - Hex nut, Style 1,  M2 x 0.4 --D-S">
<Transform>
<Rotation>0.99397799670859899 0.10957984330688066 0 -0.10957984330688066 0.99397799670859899 0 0 0 1</Rotation>
<Translation>0.21740172847438952 0.064399999999999916 0.15557589498806668</Translation>
</Transform>
</Instance>
<Instance name="hex nut style 1_am-3" uid="hex nut style 1_am-3" entityUid="hex nut style 1_am*:*B18.2.4.1M - Hex nut, Style 1,  M2 x 0.4 --D-S">
<Transform>
<Rotation>0.99397799670859899 0.10957984330688066 0 -0.10957984330688066 0.99397799670859899 0 0 0 1</Rotation>
<Translation>-0.18628827152561053 0.064400000000000124 -0.095224105011933124</Translation>
</Transform>
</Instance>
<Instance name="oval head_am-5" uid="oval head_am-5" entityUid="oval head_am*:*B18.6.7M - M2 x 0.4 x 10 Type I Cross Recessed OHMS --10S">
<Transform>
<Rotation>0 0.83825790086642615 0.54527396016590857 -1 0 0 0 -0.54527396016590857 0.83825790086642615</Rotation>
<Translation>-0.11979327152561053 0.038010011135871255 -0.15232410501193316</Translation>
</Transform>
</Instance>
<Instance name="oval head_am-4" uid="oval head_am-4" entityUid="oval head_am*:*B18.6.7M - M2 x 0.4 x 10 Type I Cross Recessed OHMS --10S">
<Transform>
<Rotation>0 0.9536415188145454 -0.30094493448650594 -1 0 0 0 0.30094493448650594 0.9536415188145454</Rotation>
<Translation>-0.11979327152561041 0.038010011135871248 0.1184758949880667</Translation>
</Transform>
</Instance>
<Instance name="oval head_am-23" uid="oval head_am-23" entityUid="oval head_am*:*B18.6.7M - M2 x 0.4 x 10 Type I Cross Recessed OHMS --10S">
<Transform>
<Rotation>0 0.99035392420184531 -0.13856083435807498 0 -0.13856083435807498 -0.99035392420184531 -1 0 0</Rotation>
<Translation>0.22240172847438955 0.073599999999999957 0.14128590612393804</Translation>
</Transform>
</Instance>
<Instance name="oval head_am-24" uid="oval head_am-24" entityUid="oval head_am*:*B18.6.7M - M2 x 0.4 x 10 Type I Cross Recessed OHMS --10S">
<Transform>
<Rotation>0 0.91183987649526999 -0.41054602620545566 0 -0.41054602620545566 -0.91183987649526999 -1 0 0</Rotation>
<Translation>0.21240172847438965 0.073599999999999971 0.14128590612393804</Translation>
</Transform>
</Instance>
<Instance name="oval head_am-32" uid="oval head_am-32" entityUid="oval head_am*:*B18.6.7M - M2 x 0.4 x 10 Type I Cross Recessed OHMS --10S">
<Transform>
<Rotation>0 0.88405288907268198 0.46738687328833328 0 0.46738687328833328 -0.88405288907268198 -1 0 0</Rotation>
<Translation>0.21240172847438951 0.073599999999999943 -0.10951409387606195</Translation>
</Transform>
</Instance>
<Instance name="oval head_am-6" uid="oval head_am-6" entityUid="oval head_am*:*B18.6.7M - M2 x 0.4 x 10 Type I Cross Recessed OHMS --10S">
<Transform>
<Rotation>0 0.98956566692678716 0.14408258340182298 -1 0 0 0 -0.14408258340182298 0.98956566692678716</Rotation>
<Translation>-0.1097932715256105 0.038010011135871248 -0.10272410501193315</Translation>
</Transform>
</Instance>
<Instance name="oval head_am-7" uid="oval head_am-7" entityUid="oval head_am*:*B18.6.7M - M2 x 0.4 x 10 Type I Cross Recessed OHMS --10S">
<Transform>
<Rotation>0 0.9536415188145454 -0.30094493448650594 -1 0 0 0 0.30094493448650594 0.9536415188145454</Rotation>
<Translation>-0.1197932715256104 0.038010011135871255 0.16807589498806669</Translation>
</Transform>
</Instance>
<Instance name="oval head_am-8" uid="oval head_am-8" entityUid="oval head_am*:*B18.6.7M - M2 x 0.4 x 10 Type I Cross Recessed OHMS --10S">
<Transform>
<Rotation>0 0.99541938771688976 -0.095604615774201526 -1 0 0 0 0.095604615774201526 0.99541938771688976</Rotation>
<Translation>-0.10979327152561037 0.038010011135871248 0.16807589498806666</Translation>
</Transform>
</Instance>
<Instance name="pan cross head_am-1" uid="pan cross head_am-1" entityUid="pan cross head_am*:*B18.6.7M - M2 x 0.4 x 20 Type I Cross Recessed PHMS --20S">
<Transform>
<Rotation>0 -0.92511608516053678 0.37968438073911115 0 0.37968438073911115 0.92511608516053678 -1 0 0</Rotation>
<Translation>0.21740172847438949 0.06439999999999993 0.17567589498806671</Translation>
</Transform>
</Instance>
<Instance name="pan cross head_am-2" uid="pan cross head_am-2" entityUid="pan cross head_am*:*B18.6.7M - M2 x 0.4 x 20 Type I Cross Recessed PHMS --20S">
<Transform>
<Rotation>1.1102230246251565e-16 -0.92511608516053656 0.37968438073911143 2.4633073358870661e-16 0.37968438073911143 0.92511608516053656 -1 0 2.7003795807101792e-16</Rotation>
<Translation>0.2174017284743896 0.06439999999999993 -0.075124105011933159</Translation>
</Transform>
</Instance>
<Instance name="pan cross head_am-7" uid="pan cross head_am-7" entityUid="pan cross head_am*:*B18.6.7M - M2 x 0.4 x 16 Type I Cross Recessed PHMS --16S">
<Transform>
<Rotation>1.2189330074067819e-16 -1 0 1 1.2189330074067819e-16 0 0 0 1</Rotation>
<Translation>0.20320172847438958 0.05669999999999998 -0.11752410501193326</Translation>
</Transform>
</Instance>
<Instance name="pan cross head_am-8" uid="pan cross head_am-8" entityUid="pan cross head_am*:*B18.6.7M - M2 x 0.4 x 16 Type I Cross Recessed PHMS --16S">
<Transform>
<Rotation>1.2189330074067819e-16 -1 0 1 1.2189330074067819e-16 0 0 0 1</Rotation>
<Translation>0.20320172847438958 0.056700000000000014 0.13327589498806683</Translation>
</Transform>
</Instance>
<Instance name="pan cross head_am-9" uid="pan cross head_am-9" entityUid="pan cross head_am*:*B18.6.7M - M2 x 0.4 x 16 Type I Cross Recessed PHMS --16S">
<Transform>
<Rotation>1.2189330074067819e-16 -1 0 1 1.2189330074067819e-16 0 0 0 1</Rotation>
<Translation>-0.17208827152561049 0.056700000000000021 0.13327589498806688</Translation>
</Transform>
</Instance>
<Instance name="pan cross head_am-10" uid="pan cross head_am-10" entityUid="pan cross head_am*:*B18.6.7M - M2 x 0.4 x 16 Type I Cross Recessed PHMS --16S">
<Transform>
<Rotation>1.2189330074067819e-16 -1 0 1 1.2189330074067819e-16 0 0 0 1</Rotation>
<Translation>-0.17208827152561057 0.056699999999999993 -0.11752410501193324</Translation>
</Transform>
</Instance>
<Instance name="hex nut style 1_am-5" uid="hex nut style 1_am-5" entityUid="hex nut style 1_am*:*B18.2.4.1M - Hex nut, Style 1,  M2 x 0.4 --D-S">
<Transform>
<Rotation>0.89193878088029999 0.4521561800548175 0 -0.4521561800548175 0.89193878088029999 0 0 0 1</Rotation>
<Translation>-0.18628827152561048 0.064399999999999957 0.1555758949880667</Translation>
</Transform>
</Instance>
</InstanceTree>
<Constraints>
<Coincident name="Coincident1">
<ConstraintGeometry geomType="plane">
<InstancePath>
<Uid>bottom-1</Uid>
</InstancePath>
<Position>0 0 0</Position>
<Axis>0 0 1</Axis>
</ConstraintGeometry>
<ConstraintGeometry geomType="plane">
<InstancePath>
<Uid>Assembly_S</Uid>
</InstancePath>
<Position>0 0 0</Position>
<Axis>0 0 1</Axis>
</ConstraintGeometry>
</Coincident>
<Coincident name="Coincident2">
<ConstraintGeometry geomType="plane">
<InstancePath>
<Uid>bottom-1</Uid>
</InstancePath>
<Position>0 0 0</Position>
<Axis>0 1 0</Axis>
</ConstraintGeometry>
<ConstraintGeometry geomType="plane">
<InstancePath>
<Uid>Assembly_S</Uid>
</InstancePath>
<Position>0 0 0</Position>
<Axis>0 1 0</Axis>
</ConstraintGeometry>
</Coincident>
<Coincident name="Coincident3">
<ConstraintGeometry geomType="plane">
<InstancePath>
<Uid>bottom-1</Uid>
</InstancePath>
<Position>0 0 0</Position>
<Axis>1 0 0</Axis>
</ConstraintGeometry>
<ConstraintGeometry geomType="plane">
<InstancePath>
<Uid>Assembly_S</Uid>
</InstancePath>
<Position>0 0 0</Position>
<Axis>1 0 0</Axis>
</ConstraintGeometry>
</Coincident>
<Coincident name="Coincident4">
<ConstraintGeometry geomType="plane">
<InstancePath>
<Uid>bottom-1</Uid>
</InstancePath>
<Position>0 0 -0.1371241050119332</Position>
<Axis>0 0 -1</Axis>
</ConstraintGeometry>
<ConstraintGeometry geomType="plane">
<InstancePath>
<Uid>frame-1</Uid>
</InstancePath>
<Position>0 0 -0.05714234620886989</Position>
<Axis>0 0 1</Axis>
</ConstraintGeometry>
</Coincident>
<Coincident name="Coincident5">
<ConstraintGeometry geomType="plane">
<InstancePath>
<Uid>bottom-1</Uid>
</InstancePath>
<Position>-0.079443271525610495 0 0</Position>
<Axis>-1 0 0</Axis>
</ConstraintGeometry>
<ConstraintGeometry geomType="plane">
<InstancePath>
<Uid>frame-1</Uid>
</InstancePath>
<Position>-0.1006168840101244 0 0</Position>
<Axis>1 0 -1.4456028966473399e-16</Axis>
</ConstraintGeometry>
</Coincident>
<Coincident name="Coincident6">
<ConstraintGeometry geomType="plane">
<InstancePath>
<Uid>bottom-1</Uid>
</InstancePath>
<Position>-0.079443271525610495 0.035000000000000003 -0.040124105011933149</Position>
<Axis>0 -1 0</Axis>
</ConstraintGeometry>
<ConstraintGeometry geomType="plane">
<InstancePath>
<Uid>frame-1</Uid>
</InstancePath>
<Position>-0.1006168840101244 0.014999999999999999 0.13585765379112999</Position>
<Axis>0 1 0</Axis>
</ConstraintGeometry>
</Coincident>
<Coincident name="Coincident9">
<ConstraintGeometry geomType="plane">
<InstancePath>
<Uid>bottom-1</Uid>
</InstancePath>
<Position>-0.001943271525610475 0.089999999999999997 0.150375894988067</Position>
<Axis>0 0 -1</Axis>
</ConstraintGeometry>
<ConstraintGeometry geomType="plane">
<InstancePath>
<Uid>top cover-1</Uid>
</InstancePath>
<Position>0.0013224446786091202 0.040000000000000001 -0.12782289628180041</Position>
<Axis>0 0 -1</Axis>
</ConstraintGeometry>
</Coincident>
<Concentric name="Concentric1">
<ConstraintGeometry geomType="cylinder">
<InstancePath>
<Uid>bottom-1</Uid>
</InstancePath>
<Position>-0.00194327152561047 0.089999999999999997 0.147875894988067</Position>
<Axis>0 1 0</Axis>
</ConstraintGeometry>
<ConstraintGeometry geomType="cylinder">
<InstancePath>
<Uid>top cover-1</Uid>
</InstancePath>
<Position>0.0013224446786091202 0.040000000000000001 -0.12532289628180041</Position>
<Axis>0 -1 0</Axis>
</ConstraintGeometry>
</Concentric>
<Parallel name="Parallel3">
<ConstraintGeometry geomType="cylinder">
<InstancePath>
<Uid>bottom-1</Uid>
</InstancePath>
<Position>-0.074323851480897207 0.089999999999999997 -0.019623845717127452</Position>
<Axis>0 1 0</Axis>
</ConstraintGeometry>
<ConstraintGeometry geomType="cylinder">
<InstancePath>
<Uid>top cover-1</Uid>
</InstancePath>
<Position>-0.071177555321390903 0.040000000000000001 0.042177103718199604</Position>
<Axis>0 -1 0</Axis>
</ConstraintGeometry>
</Parallel>
<Coincident name="Coincident13">
<ConstraintGeometry geomType="plane">
<InstancePath>
<Uid>bottom-1</Uid>
</InstancePath>
<Position>0 0.089999999999999997 0</Position>
<Axis>0 1 0</Axis>
</ConstraintGeometry>
<ConstraintGeometry geomType="plane">
<InstancePath>
<Uid>top cover-1</Uid>
</InstancePath>
<Position>0 0.009999999999999995 0</Position>
<Axis>0 1 0</Axis>
</ConstraintGeometry>
</Coincident>
<Coincident name="Coincident14">
<ConstraintGeometry geomType="plane">
<InstancePath>
<Uid>Arduino Mega 2560.STEP-1</Uid>
</InstancePath>
<Position>0.075322790043162557 -0.040105687630717007 0.0031892495807765439</Position>
<Axis>0 0 1</Axis>
</ConstraintGeometry>
<ConstraintGeometry geomType="plane">
<InstancePath>
<Uid>bottom-1</Uid>
</InstancePath>
<Position>0 0 0</Position>
<Axis>0 1 0</Axis>
</ConstraintGeometry>
</Coincident>
<Coincident name="Coincident15">
<ConstraintGeometry geomType="plane">
<InstancePath>
<Uid>bottom-1</Uid>
</InstancePath>
<Position>0.10655672847438939 0 0</Position>
<Axis>-1 0 0</Axis>
</ConstraintGeometry>
<ConstraintGeometry geomType="plane">
<InstancePath>
<Uid>Arduino Mega 2560.STEP-1</Uid>
</InstancePath>
<Position>-0.077077209956837561 0.040018612369283016 0.0031892495807765465</Position>
<Axis>0 1 0</Axis>
</ConstraintGeometry>
</Coincident>
<Coincident name="Coincident16">
<ConstraintGeometry geomType="plane">
<InstancePath>
<Uid>bottom-1</Uid>
</InstancePath>
<Position>0 0 0.1498758949880668</Position>
<Axis>0 0 -1</Axis>
</ConstraintGeometry>
<ConstraintGeometry geomType="plane">
<InstancePath>
<Uid>Arduino Mega 2560.STEP-1</Uid>
</InstancePath>
<Position>-0.077077209956837561 0.040018612369283016 0.0031892495807765465</Position>
<Axis>-1.0000000000000004 0 0</Axis>
</ConstraintGeometry>
</Coincident>
<Coincident name="Coincident17">
<ConstraintGeometry geomType="plane">
<InstancePath>
<Uid>9v_holder_bottom_11_19_20-1</Uid>
</InstancePath>
<Position>-0.033243899999999993 -0.010604499999999999 0.016497300000000006</Position>
<Axis>1.8263597730467297e-16 -1 0</Axis>
</ConstraintGeometry>
<ConstraintGeometry geomType="plane">
<InstancePath>
<Uid>bottom-1</Uid>
</InstancePath>
<Position>0 0 0</Position>
<Axis>0 1 0</Axis>
</ConstraintGeometry>
</Coincident>
<Coincident name="Coincident18">
<ConstraintGeometry geomType="plane">
<InstancePath>
<Uid>9v_holder_bottom_11_19_20-1</Uid>
</InstancePath>
<Position>0.0332439 0.010104499999999999 -0.016497300000000006</Position>
<Axis>0 0 -1</Axis>
</ConstraintGeometry>
<ConstraintGeometry geomType="plane">
<InstancePath>
<Uid>bottom-1</Uid>
</InstancePath>
<Position>0 0 -0.1341241050119332</Position>
<Axis>0 0 1</Axis>
